{"url": "https://api.github.com/repos/tensorflow/tensorflow/issues/17372", "repository_url": "https://api.github.com/repos/tensorflow/tensorflow", "labels_url": "https://api.github.com/repos/tensorflow/tensorflow/issues/17372/labels{/name}", "comments_url": "https://api.github.com/repos/tensorflow/tensorflow/issues/17372/comments", "events_url": "https://api.github.com/repos/tensorflow/tensorflow/issues/17372/events", "html_url": "https://github.com/tensorflow/tensorflow/issues/17372", "id": 301666405, "node_id": "MDU6SXNzdWUzMDE2NjY0MDU=", "number": 17372, "title": "tf.svd and matlab svd return different results with the same input. Why?", "user": {"login": "Amitayus", "id": 2138952, "node_id": "MDQ6VXNlcjIxMzg5NTI=", "avatar_url": "https://avatars0.githubusercontent.com/u/2138952?v=4", "gravatar_id": "", "url": "https://api.github.com/users/Amitayus", "html_url": "https://github.com/Amitayus", "followers_url": "https://api.github.com/users/Amitayus/followers", "following_url": "https://api.github.com/users/Amitayus/following{/other_user}", "gists_url": "https://api.github.com/users/Amitayus/gists{/gist_id}", "starred_url": "https://api.github.com/users/Amitayus/starred{/owner}{/repo}", "subscriptions_url": "https://api.github.com/users/Amitayus/subscriptions", "organizations_url": "https://api.github.com/users/Amitayus/orgs", "repos_url": "https://api.github.com/users/Amitayus/repos", "events_url": "https://api.github.com/users/Amitayus/events{/privacy}", "received_events_url": "https://api.github.com/users/Amitayus/received_events", "type": "User", "site_admin": false}, "labels": [], "state": "closed", "locked": false, "assignee": null, "assignees": [], "milestone": null, "comments": 1, "created_at": "2018-03-02T06:28:26Z", "updated_at": "2018-03-03T01:06:06Z", "closed_at": "2018-03-03T01:06:06Z", "author_association": "NONE", "body_html": "<h3>System information</h3>\n<ul>\n<li><strong>Have I written custom code (as opposed to using a stock example script provided in TensorFlow)</strong>:</li>\n<li><strong>OS Platform and Distribution (e.g., Linux Ubuntu 16.04)</strong>: Windows 10</li>\n<li><strong>TensorFlow installed from (source or binary)</strong>: binary</li>\n<li><strong>TensorFlow version (use command below)</strong>: 1.3.0</li>\n<li><strong>Python version</strong>: 3.5</li>\n<li><strong>CUDA/cuDNN version</strong>: CUDA 8.0, cuDNN 6.0</li>\n<li><strong>GPU model and memory</strong>: Nvidia GTX 750 Ti, 2G</li>\n</ul>\n<h3>Describe the problem</h3>\n<p>tf.svd and matlab svd return different results with the same input. Why?</p>\n<h3>Source code / outputs</h3>\n<p><strong>TensorFlow tf.svd</strong><br>\nTensorFlow demo code:</p>\n<pre><code>import tensorflow as tf\n\ntf.set_random_seed(1)\n''' \noriginal matrix \nX =\n [-0.67086124  0.22357143  0.79727304\n   0.09617059  0.72314787  0.33812162\n  -0.73006123  0.91153419 -0.50938189\n   0.97486407 -2.13402033  0.60229129\n  -0.31214711 -0.85811871  1.78664649]\n''' \nX = tf.random_normal([5, 3], mean=0.0, stddev=1.0, dtype=tf.float32)\n\ns, u, v = tf.svd(X)\n\n\nwith tf.Session() as sess:\n    print('X=\\n', sess.run(X))\n    print('s=\\n', sess.run(s))\n    print('u=\\n', sess.run(u))\n    print('v=\\n', sess.run(v))\n\n</code></pre>\n<p>Matlab output:</p>\n<pre><code>s=\n [ 3.6135273   2.42769122  0.81916636]\nu=\n [[ 0.06457954  0.5192402  -0.50217324]\n [-0.52760589 -0.70443964 -0.21893539]\n [ 0.7611897  -0.46179301 -0.45036247]\n [ 0.32708997 -0.12951432  0.65888679]\n [-0.17625111  0.06424804 -0.25086099]]\nv=\n [[ 0.18638727  0.92181212 -0.33988595]\n [ 0.95351493 -0.2531015  -0.16355196]\n [ 0.23678979  0.29360226  0.92613626]]\n</code></pre>\n<p><strong>Matlab svd</strong><br>\nMatlab demo code:</p>\n<pre><code>X = ....\n [-0.67086124  0.22357143  0.79727304\n   0.09617059  0.72314787  0.33812162\n  -0.73006123  0.91153419 -0.50938189\n   0.97486407 -2.13402033  0.60229129\n  -0.31214711 -0.85811871  1.78664649]\n[u, s, v] = svd(X)\n</code></pre>\n<p>Matlab output:</p>\n<pre><code>u =\n    0.0060    0.5579    0.2153    0.4231   -0.6807\n   -0.1317    0.2258   -0.8417    0.4338    0.1873\n   -0.3964    0.1323    0.4871    0.5077    0.5747\n    0.7643   -0.3502    0.0765    0.5309    0.0739\n    0.4913    0.7054    0.0457   -0.3051    0.4072\ns =\n    3.0475         0         0\n         0    1.8932         0\n         0         0    0.6537\n         0         0         0\n         0         0         0\nv =\n    0.2837   -0.5339   -0.7965\n   -0.8229    0.2909   -0.4880\n    0.4923    0.7939   -0.3568\n</code></pre>", "body_text": "System information\n\nHave I written custom code (as opposed to using a stock example script provided in TensorFlow):\nOS Platform and Distribution (e.g., Linux Ubuntu 16.04): Windows 10\nTensorFlow installed from (source or binary): binary\nTensorFlow version (use command below): 1.3.0\nPython version: 3.5\nCUDA/cuDNN version: CUDA 8.0, cuDNN 6.0\nGPU model and memory: Nvidia GTX 750 Ti, 2G\n\nDescribe the problem\ntf.svd and matlab svd return different results with the same input. Why?\nSource code / outputs\nTensorFlow tf.svd\nTensorFlow demo code:\nimport tensorflow as tf\n\ntf.set_random_seed(1)\n''' \noriginal matrix \nX =\n [-0.67086124  0.22357143  0.79727304\n   0.09617059  0.72314787  0.33812162\n  -0.73006123  0.91153419 -0.50938189\n   0.97486407 -2.13402033  0.60229129\n  -0.31214711 -0.85811871  1.78664649]\n''' \nX = tf.random_normal([5, 3], mean=0.0, stddev=1.0, dtype=tf.float32)\n\ns, u, v = tf.svd(X)\n\n\nwith tf.Session() as sess:\n    print('X=\\n', sess.run(X))\n    print('s=\\n', sess.run(s))\n    print('u=\\n', sess.run(u))\n    print('v=\\n', sess.run(v))\n\n\nMatlab output:\ns=\n [ 3.6135273   2.42769122  0.81916636]\nu=\n [[ 0.06457954  0.5192402  -0.50217324]\n [-0.52760589 -0.70443964 -0.21893539]\n [ 0.7611897  -0.46179301 -0.45036247]\n [ 0.32708997 -0.12951432  0.65888679]\n [-0.17625111  0.06424804 -0.25086099]]\nv=\n [[ 0.18638727  0.92181212 -0.33988595]\n [ 0.95351493 -0.2531015  -0.16355196]\n [ 0.23678979  0.29360226  0.92613626]]\n\nMatlab svd\nMatlab demo code:\nX = ....\n [-0.67086124  0.22357143  0.79727304\n   0.09617059  0.72314787  0.33812162\n  -0.73006123  0.91153419 -0.50938189\n   0.97486407 -2.13402033  0.60229129\n  -0.31214711 -0.85811871  1.78664649]\n[u, s, v] = svd(X)\n\nMatlab output:\nu =\n    0.0060    0.5579    0.2153    0.4231   -0.6807\n   -0.1317    0.2258   -0.8417    0.4338    0.1873\n   -0.3964    0.1323    0.4871    0.5077    0.5747\n    0.7643   -0.3502    0.0765    0.5309    0.0739\n    0.4913    0.7054    0.0457   -0.3051    0.4072\ns =\n    3.0475         0         0\n         0    1.8932         0\n         0         0    0.6537\n         0         0         0\n         0         0         0\nv =\n    0.2837   -0.5339   -0.7965\n   -0.8229    0.2909   -0.4880\n    0.4923    0.7939   -0.3568", "body": "### System information\r\n- **Have I written custom code (as opposed to using a stock example script provided in TensorFlow)**:\r\n- **OS Platform and Distribution (e.g., Linux Ubuntu 16.04)**: Windows 10\r\n- **TensorFlow installed from (source or binary)**: binary\r\n- **TensorFlow version (use command below)**: 1.3.0\r\n- **Python version**: 3.5\r\n- **CUDA/cuDNN version**: CUDA 8.0, cuDNN 6.0\r\n- **GPU model and memory**: Nvidia GTX 750 Ti, 2G\r\n\r\n### Describe the problem\r\ntf.svd and matlab svd return different results with the same input. Why?\r\n\r\n### Source code / outputs\r\n**TensorFlow tf.svd**\r\nTensorFlow demo code:\r\n```\r\nimport tensorflow as tf\r\n\r\ntf.set_random_seed(1)\r\n''' \r\noriginal matrix \r\nX =\r\n [-0.67086124  0.22357143  0.79727304\r\n   0.09617059  0.72314787  0.33812162\r\n  -0.73006123  0.91153419 -0.50938189\r\n   0.97486407 -2.13402033  0.60229129\r\n  -0.31214711 -0.85811871  1.78664649]\r\n''' \r\nX = tf.random_normal([5, 3], mean=0.0, stddev=1.0, dtype=tf.float32)\r\n\r\ns, u, v = tf.svd(X)\r\n\r\n\r\nwith tf.Session() as sess:\r\n    print('X=\\n', sess.run(X))\r\n    print('s=\\n', sess.run(s))\r\n    print('u=\\n', sess.run(u))\r\n    print('v=\\n', sess.run(v))\r\n\r\n```\r\nMatlab output:\r\n```\r\ns=\r\n [ 3.6135273   2.42769122  0.81916636]\r\nu=\r\n [[ 0.06457954  0.5192402  -0.50217324]\r\n [-0.52760589 -0.70443964 -0.21893539]\r\n [ 0.7611897  -0.46179301 -0.45036247]\r\n [ 0.32708997 -0.12951432  0.65888679]\r\n [-0.17625111  0.06424804 -0.25086099]]\r\nv=\r\n [[ 0.18638727  0.92181212 -0.33988595]\r\n [ 0.95351493 -0.2531015  -0.16355196]\r\n [ 0.23678979  0.29360226  0.92613626]]\r\n```\r\n**Matlab svd**\r\nMatlab demo code:\r\n```\r\nX = ....\r\n [-0.67086124  0.22357143  0.79727304\r\n   0.09617059  0.72314787  0.33812162\r\n  -0.73006123  0.91153419 -0.50938189\r\n   0.97486407 -2.13402033  0.60229129\r\n  -0.31214711 -0.85811871  1.78664649]\r\n[u, s, v] = svd(X)\r\n```\r\nMatlab output:\r\n```\r\nu =\r\n    0.0060    0.5579    0.2153    0.4231   -0.6807\r\n   -0.1317    0.2258   -0.8417    0.4338    0.1873\r\n   -0.3964    0.1323    0.4871    0.5077    0.5747\r\n    0.7643   -0.3502    0.0765    0.5309    0.0739\r\n    0.4913    0.7054    0.0457   -0.3051    0.4072\r\ns =\r\n    3.0475         0         0\r\n         0    1.8932         0\r\n         0         0    0.6537\r\n         0         0         0\r\n         0         0         0\r\nv =\r\n    0.2837   -0.5339   -0.7965\r\n   -0.8229    0.2909   -0.4880\r\n    0.4923    0.7939   -0.3568\r\n```"}