{"url": "https://api.github.com/repos/pytorch/pytorch/issues/comments/386387414", "html_url": "https://github.com/pytorch/pytorch/issues/7251#issuecomment-386387414", "issue_url": "https://api.github.com/repos/pytorch/pytorch/issues/7251", "id": 386387414, "node_id": "MDEyOklzc3VlQ29tbWVudDM4NjM4NzQxNA==", "user": {"login": "apaszke", "id": 4583066, "node_id": "MDQ6VXNlcjQ1ODMwNjY=", "avatar_url": "https://avatars3.githubusercontent.com/u/4583066?v=4", "gravatar_id": "", "url": "https://api.github.com/users/apaszke", "html_url": "https://github.com/apaszke", "followers_url": "https://api.github.com/users/apaszke/followers", "following_url": "https://api.github.com/users/apaszke/following{/other_user}", "gists_url": "https://api.github.com/users/apaszke/gists{/gist_id}", "starred_url": "https://api.github.com/users/apaszke/starred{/owner}{/repo}", "subscriptions_url": "https://api.github.com/users/apaszke/subscriptions", "organizations_url": "https://api.github.com/users/apaszke/orgs", "repos_url": "https://api.github.com/users/apaszke/repos", "events_url": "https://api.github.com/users/apaszke/events{/privacy}", "received_events_url": "https://api.github.com/users/apaszke/received_events", "type": "User", "site_admin": false}, "created_at": "2018-05-03T18:12:22Z", "updated_at": "2018-05-03T18:12:22Z", "author_association": "MEMBER", "body_html": "<p>The snippet isn't self contained because it's missing e.g. <code>n</code> and <code>n_dim</code>. I set them to 10 and 3 respectively and I can't reproduce the issue. That's the output I get:</p>\n<pre><code>[[  0.    2.   -0.5]\n [  1.    7.   -9. ]\n [  2.   12.  -17.5]\n [  3.   17.  -26. ]\n [  4.   22.  -34.5]\n [  5.   27.  -43. ]\n [  6.   32.  -51.5]\n [  7.   37.  -60. ]\n [  8.   42.  -68.5]\n [  9.   47.  -77. ]] &lt;class 'numpy.ndarray'&gt;\n[[  0.    2.   -0.5]\n [  1.    7.   -9. ]\n [  2.   12.  -17.5]\n [  3.   17.  -26. ]\n [  4.   22.  -34.5]\n [  5.   27.  -43. ]\n [  6.   32.  -51.5]\n [  7.   37.  -60. ]\n [  8.   42.  -68.5]\n [  9.   47.  -77. ]] &lt;class 'numpy.ndarray'&gt;\nTrue\n[[ 0.10088665  0.5044334  -0.8575365 ]\n [-0.00558278 -0.86163354 -0.50750023]\n [-0.9948823   0.05598746 -0.08411115]]\n[[ 0.10088665  0.50443327 -0.85753656]\n [-0.1464699  -0.84501166 -0.51429744]\n [ 0.98405714 -0.17748904  0.01136611]]\n</code></pre>", "body_text": "The snippet isn't self contained because it's missing e.g. n and n_dim. I set them to 10 and 3 respectively and I can't reproduce the issue. That's the output I get:\n[[  0.    2.   -0.5]\n [  1.    7.   -9. ]\n [  2.   12.  -17.5]\n [  3.   17.  -26. ]\n [  4.   22.  -34.5]\n [  5.   27.  -43. ]\n [  6.   32.  -51.5]\n [  7.   37.  -60. ]\n [  8.   42.  -68.5]\n [  9.   47.  -77. ]] <class 'numpy.ndarray'>\n[[  0.    2.   -0.5]\n [  1.    7.   -9. ]\n [  2.   12.  -17.5]\n [  3.   17.  -26. ]\n [  4.   22.  -34.5]\n [  5.   27.  -43. ]\n [  6.   32.  -51.5]\n [  7.   37.  -60. ]\n [  8.   42.  -68.5]\n [  9.   47.  -77. ]] <class 'numpy.ndarray'>\nTrue\n[[ 0.10088665  0.5044334  -0.8575365 ]\n [-0.00558278 -0.86163354 -0.50750023]\n [-0.9948823   0.05598746 -0.08411115]]\n[[ 0.10088665  0.50443327 -0.85753656]\n [-0.1464699  -0.84501166 -0.51429744]\n [ 0.98405714 -0.17748904  0.01136611]]", "body": "The snippet isn't self contained because it's missing e.g. `n` and `n_dim`. I set them to 10 and 3 respectively and I can't reproduce the issue. That's the output I get:\r\n```\r\n[[  0.    2.   -0.5]\r\n [  1.    7.   -9. ]\r\n [  2.   12.  -17.5]\r\n [  3.   17.  -26. ]\r\n [  4.   22.  -34.5]\r\n [  5.   27.  -43. ]\r\n [  6.   32.  -51.5]\r\n [  7.   37.  -60. ]\r\n [  8.   42.  -68.5]\r\n [  9.   47.  -77. ]] <class 'numpy.ndarray'>\r\n[[  0.    2.   -0.5]\r\n [  1.    7.   -9. ]\r\n [  2.   12.  -17.5]\r\n [  3.   17.  -26. ]\r\n [  4.   22.  -34.5]\r\n [  5.   27.  -43. ]\r\n [  6.   32.  -51.5]\r\n [  7.   37.  -60. ]\r\n [  8.   42.  -68.5]\r\n [  9.   47.  -77. ]] <class 'numpy.ndarray'>\r\nTrue\r\n[[ 0.10088665  0.5044334  -0.8575365 ]\r\n [-0.00558278 -0.86163354 -0.50750023]\r\n [-0.9948823   0.05598746 -0.08411115]]\r\n[[ 0.10088665  0.50443327 -0.85753656]\r\n [-0.1464699  -0.84501166 -0.51429744]\r\n [ 0.98405714 -0.17748904  0.01136611]]\r\n```"}