{"url": "https://api.github.com/repos/pytorch/pytorch/issues/comments/416741545", "html_url": "https://github.com/pytorch/pytorch/issues/10965#issuecomment-416741545", "issue_url": "https://api.github.com/repos/pytorch/pytorch/issues/10965", "id": 416741545, "node_id": "MDEyOklzc3VlQ29tbWVudDQxNjc0MTU0NQ==", "user": {"login": "zou3519", "id": 5652049, "node_id": "MDQ6VXNlcjU2NTIwNDk=", "avatar_url": "https://avatars3.githubusercontent.com/u/5652049?v=4", "gravatar_id": "", "url": "https://api.github.com/users/zou3519", "html_url": "https://github.com/zou3519", "followers_url": "https://api.github.com/users/zou3519/followers", "following_url": "https://api.github.com/users/zou3519/following{/other_user}", "gists_url": "https://api.github.com/users/zou3519/gists{/gist_id}", "starred_url": "https://api.github.com/users/zou3519/starred{/owner}{/repo}", "subscriptions_url": "https://api.github.com/users/zou3519/subscriptions", "organizations_url": "https://api.github.com/users/zou3519/orgs", "repos_url": "https://api.github.com/users/zou3519/repos", "events_url": "https://api.github.com/users/zou3519/events{/privacy}", "received_events_url": "https://api.github.com/users/zou3519/received_events", "type": "User", "site_admin": false}, "created_at": "2018-08-28T21:09:52Z", "updated_at": "2018-08-28T21:09:52Z", "author_association": "CONTRIBUTOR", "body_html": "<p>This is what I get from numpy:</p>\n<pre><code>\nIn [8]: import numpy as np\n   ...:\n   ...: a = np.arange(9) - 4\n   ...: b = a.reshape((3,3))\n   ...:\n   ...:\n\nIn [9]: np.linalg.svd(b)\nOut[9]:\n(array([[-7.07106781e-01, -5.77350269e-01,  4.08248290e-01],\n        [ 2.77656645e-17, -5.77350269e-01, -8.16496581e-01],\n        [ 7.07106781e-01, -5.77350269e-01,  4.08248290e-01]]),\n array([7.34846923e+00, 2.44948974e+00, 4.35106603e-18]),\n array([[ 5.77350269e-01,  5.77350269e-01,  5.77350269e-01],\n        [ 7.07106781e-01, -1.47944593e-16, -7.07106781e-01],\n        [-4.08248290e-01,  8.16496581e-01, -4.08248290e-01]]))\n</code></pre>\n<p>which still isn't close to <code>1.8570E-16</code>. What are you running?</p>", "body_text": "This is what I get from numpy:\n\nIn [8]: import numpy as np\n   ...:\n   ...: a = np.arange(9) - 4\n   ...: b = a.reshape((3,3))\n   ...:\n   ...:\n\nIn [9]: np.linalg.svd(b)\nOut[9]:\n(array([[-7.07106781e-01, -5.77350269e-01,  4.08248290e-01],\n        [ 2.77656645e-17, -5.77350269e-01, -8.16496581e-01],\n        [ 7.07106781e-01, -5.77350269e-01,  4.08248290e-01]]),\n array([7.34846923e+00, 2.44948974e+00, 4.35106603e-18]),\n array([[ 5.77350269e-01,  5.77350269e-01,  5.77350269e-01],\n        [ 7.07106781e-01, -1.47944593e-16, -7.07106781e-01],\n        [-4.08248290e-01,  8.16496581e-01, -4.08248290e-01]]))\n\nwhich still isn't close to 1.8570E-16. What are you running?", "body": "This is what I get from numpy:\r\n```\r\n\r\nIn [8]: import numpy as np\r\n   ...:\r\n   ...: a = np.arange(9) - 4\r\n   ...: b = a.reshape((3,3))\r\n   ...:\r\n   ...:\r\n\r\nIn [9]: np.linalg.svd(b)\r\nOut[9]:\r\n(array([[-7.07106781e-01, -5.77350269e-01,  4.08248290e-01],\r\n        [ 2.77656645e-17, -5.77350269e-01, -8.16496581e-01],\r\n        [ 7.07106781e-01, -5.77350269e-01,  4.08248290e-01]]),\r\n array([7.34846923e+00, 2.44948974e+00, 4.35106603e-18]),\r\n array([[ 5.77350269e-01,  5.77350269e-01,  5.77350269e-01],\r\n        [ 7.07106781e-01, -1.47944593e-16, -7.07106781e-01],\r\n        [-4.08248290e-01,  8.16496581e-01, -4.08248290e-01]]))\r\n```\r\nwhich still isn't close to `1.8570E-16`. What are you running?"}