{"url": "https://api.github.com/repos/tensorflow/tensorflow/issues/comments/422228180", "html_url": "https://github.com/tensorflow/tensorflow/issues/22226#issuecomment-422228180", "issue_url": "https://api.github.com/repos/tensorflow/tensorflow/issues/22226", "id": 422228180, "node_id": "MDEyOklzc3VlQ29tbWVudDQyMjIyODE4MA==", "user": {"login": "dargilboa", "id": 16104218, "node_id": "MDQ6VXNlcjE2MTA0MjE4", "avatar_url": "https://avatars1.githubusercontent.com/u/16104218?v=4", "gravatar_id": "", "url": "https://api.github.com/users/dargilboa", "html_url": "https://github.com/dargilboa", "followers_url": "https://api.github.com/users/dargilboa/followers", "following_url": "https://api.github.com/users/dargilboa/following{/other_user}", "gists_url": "https://api.github.com/users/dargilboa/gists{/gist_id}", "starred_url": "https://api.github.com/users/dargilboa/starred{/owner}{/repo}", "subscriptions_url": "https://api.github.com/users/dargilboa/subscriptions", "organizations_url": "https://api.github.com/users/dargilboa/orgs", "repos_url": "https://api.github.com/users/dargilboa/repos", "events_url": "https://api.github.com/users/dargilboa/events{/privacy}", "received_events_url": "https://api.github.com/users/dargilboa/received_events", "type": "User", "site_admin": false}, "created_at": "2018-09-18T02:00:00Z", "updated_at": "2018-09-18T02:00:00Z", "author_association": "NONE", "body_html": "<p>This is for a 1000x1000<br>\n&lt;tf.Tensor: id=24, shape=(1000, 1000), dtype=float32, numpy=<br>\narray([[ 1.0023266 ,  0.02684135, -0.01610221, ..., -0.00190309,<br>\n0.01394506, -0.00587076],<br>\n[ 0.02684135,  1.0824999 , -0.0193597 , ...,  0.0389607 ,<br>\n-0.00889984, -0.05881837],<br>\n[-0.01610221, -0.0193597 ,  1.0005746 , ..., -0.02111715,<br>\n-0.00168062,  0.01316965],<br>\n...,<br>\n[-0.00190309,  0.0389607 , -0.02111715, ...,  1.0288322 ,<br>\n-0.01475003, -0.02641175],<br>\n[ 0.01394506, -0.00889984, -0.00168062, ..., -0.01475003,<br>\n1.0051492 ,  0.01033276],<br>\n[-0.00587076, -0.05881837,  0.01316965, ..., -0.02641175,<br>\n0.01033276,  1.0294992 ]], dtype=float32)&gt;</p>\n<p>while on a CPU I get</p>\n<p>&lt;tf.Tensor: id=24, shape=(1000, 1000), dtype=float32, numpy=<br>\narray([[ 9.9999940e-01, -1.8626451e-09, -2.7939677e-08, ...,<br>\n1.5075784e-08, -8.3819032e-09,  3.7252903e-09],<br>\n[-1.8626451e-09,  1.0000001e+00, -4.7730282e-08, ...,<br>\n3.1664968e-08, -6.5192580e-08,  9.3132257e-10],<br>\n[-2.7939677e-08, -4.7730282e-08,  1.0000000e+00, ...,<br>\n-5.0291419e-08, -5.8207661e-09,  9.3132257e-09],<br>\n...,<br>\n[ 1.5075784e-08,  3.1664968e-08, -5.0291419e-08, ...,<br>\n1.0000000e+00, -3.0733645e-08, -1.8742867e-08],<br>\n[-8.3819032e-09, -6.5192580e-08, -5.8207661e-09, ...,<br>\n-3.0733645e-08,  9.9999988e-01, -2.7939677e-08],<br>\n[ 3.7252903e-09,  9.3132257e-10,  9.3132257e-09, ...,<br>\n-1.8742867e-08, -2.7939677e-08,  9.9999994e-01]], dtype=float32)&gt;</p>\n<p>also when comparing the matrix a in both cases, although most entries are identical between the CPU and GPU (up to finite precision errors) there are larger deviations in a few rows</p>", "body_text": "This is for a 1000x1000\n<tf.Tensor: id=24, shape=(1000, 1000), dtype=float32, numpy=\narray([[ 1.0023266 ,  0.02684135, -0.01610221, ..., -0.00190309,\n0.01394506, -0.00587076],\n[ 0.02684135,  1.0824999 , -0.0193597 , ...,  0.0389607 ,\n-0.00889984, -0.05881837],\n[-0.01610221, -0.0193597 ,  1.0005746 , ..., -0.02111715,\n-0.00168062,  0.01316965],\n...,\n[-0.00190309,  0.0389607 , -0.02111715, ...,  1.0288322 ,\n-0.01475003, -0.02641175],\n[ 0.01394506, -0.00889984, -0.00168062, ..., -0.01475003,\n1.0051492 ,  0.01033276],\n[-0.00587076, -0.05881837,  0.01316965, ..., -0.02641175,\n0.01033276,  1.0294992 ]], dtype=float32)>\nwhile on a CPU I get\n<tf.Tensor: id=24, shape=(1000, 1000), dtype=float32, numpy=\narray([[ 9.9999940e-01, -1.8626451e-09, -2.7939677e-08, ...,\n1.5075784e-08, -8.3819032e-09,  3.7252903e-09],\n[-1.8626451e-09,  1.0000001e+00, -4.7730282e-08, ...,\n3.1664968e-08, -6.5192580e-08,  9.3132257e-10],\n[-2.7939677e-08, -4.7730282e-08,  1.0000000e+00, ...,\n-5.0291419e-08, -5.8207661e-09,  9.3132257e-09],\n...,\n[ 1.5075784e-08,  3.1664968e-08, -5.0291419e-08, ...,\n1.0000000e+00, -3.0733645e-08, -1.8742867e-08],\n[-8.3819032e-09, -6.5192580e-08, -5.8207661e-09, ...,\n-3.0733645e-08,  9.9999988e-01, -2.7939677e-08],\n[ 3.7252903e-09,  9.3132257e-10,  9.3132257e-09, ...,\n-1.8742867e-08, -2.7939677e-08,  9.9999994e-01]], dtype=float32)>\nalso when comparing the matrix a in both cases, although most entries are identical between the CPU and GPU (up to finite precision errors) there are larger deviations in a few rows", "body": "This is for a 1000x1000\r\n<tf.Tensor: id=24, shape=(1000, 1000), dtype=float32, numpy=\r\narray([[ 1.0023266 ,  0.02684135, -0.01610221, ..., -0.00190309,\r\n         0.01394506, -0.00587076],\r\n       [ 0.02684135,  1.0824999 , -0.0193597 , ...,  0.0389607 ,\r\n        -0.00889984, -0.05881837],\r\n       [-0.01610221, -0.0193597 ,  1.0005746 , ..., -0.02111715,\r\n        -0.00168062,  0.01316965],\r\n       ...,\r\n       [-0.00190309,  0.0389607 , -0.02111715, ...,  1.0288322 ,\r\n        -0.01475003, -0.02641175],\r\n       [ 0.01394506, -0.00889984, -0.00168062, ..., -0.01475003,\r\n         1.0051492 ,  0.01033276],\r\n       [-0.00587076, -0.05881837,  0.01316965, ..., -0.02641175,\r\n         0.01033276,  1.0294992 ]], dtype=float32)>\r\n\r\nwhile on a CPU I get \r\n\r\n<tf.Tensor: id=24, shape=(1000, 1000), dtype=float32, numpy=\r\narray([[ 9.9999940e-01, -1.8626451e-09, -2.7939677e-08, ...,\r\n         1.5075784e-08, -8.3819032e-09,  3.7252903e-09],\r\n       [-1.8626451e-09,  1.0000001e+00, -4.7730282e-08, ...,\r\n         3.1664968e-08, -6.5192580e-08,  9.3132257e-10],\r\n       [-2.7939677e-08, -4.7730282e-08,  1.0000000e+00, ...,\r\n        -5.0291419e-08, -5.8207661e-09,  9.3132257e-09],\r\n       ...,\r\n       [ 1.5075784e-08,  3.1664968e-08, -5.0291419e-08, ...,\r\n         1.0000000e+00, -3.0733645e-08, -1.8742867e-08],\r\n       [-8.3819032e-09, -6.5192580e-08, -5.8207661e-09, ...,\r\n        -3.0733645e-08,  9.9999988e-01, -2.7939677e-08],\r\n       [ 3.7252903e-09,  9.3132257e-10,  9.3132257e-09, ...,\r\n        -1.8742867e-08, -2.7939677e-08,  9.9999994e-01]], dtype=float32)>\r\n\r\nalso when comparing the matrix a in both cases, although most entries are identical between the CPU and GPU (up to finite precision errors) there are larger deviations in a few rows"}