{"url": "https://api.github.com/repos/pytorch/pytorch/issues/2088", "repository_url": "https://api.github.com/repos/pytorch/pytorch", "labels_url": "https://api.github.com/repos/pytorch/pytorch/issues/2088/labels{/name}", "comments_url": "https://api.github.com/repos/pytorch/pytorch/issues/2088/comments", "events_url": "https://api.github.com/repos/pytorch/pytorch/issues/2088/events", "html_url": "https://github.com/pytorch/pytorch/issues/2088", "id": 242827351, "node_id": "MDU6SXNzdWUyNDI4MjczNTE=", "number": 2088, "title": "th.symeig still returning eigenvectors when `eigenvectors=False` ?", "user": {"login": "ncullen93", "id": 13004360, "node_id": "MDQ6VXNlcjEzMDA0MzYw", "avatar_url": "https://avatars0.githubusercontent.com/u/13004360?v=4", "gravatar_id": "", "url": "https://api.github.com/users/ncullen93", "html_url": "https://github.com/ncullen93", "followers_url": "https://api.github.com/users/ncullen93/followers", "following_url": "https://api.github.com/users/ncullen93/following{/other_user}", "gists_url": "https://api.github.com/users/ncullen93/gists{/gist_id}", "starred_url": "https://api.github.com/users/ncullen93/starred{/owner}{/repo}", "subscriptions_url": "https://api.github.com/users/ncullen93/subscriptions", "organizations_url": "https://api.github.com/users/ncullen93/orgs", "repos_url": "https://api.github.com/users/ncullen93/repos", "events_url": "https://api.github.com/users/ncullen93/events{/privacy}", "received_events_url": "https://api.github.com/users/ncullen93/received_events", "type": "User", "site_admin": false}, "labels": [], "state": "closed", "locked": false, "assignee": null, "assignees": [], "milestone": null, "comments": 1, "created_at": "2017-07-13T20:53:12Z", "updated_at": "2017-11-01T09:51:43Z", "closed_at": "2017-11-01T09:51:43Z", "author_association": "CONTRIBUTOR", "body_html": "<p>I seem to remember <code>th.symeig</code> returning an empty tensor when <code>eigenvectors=False</code>, but in my latest install from source <i>and</i> from pip, it's returning something no matter what.</p>\n<p>Ex:</p>\n<div class=\"highlight highlight-source-python\"><pre><span class=\"pl-k\">import</span> torch <span class=\"pl-k\">as</span> th\nx <span class=\"pl-k\">=</span> th.ones(<span class=\"pl-c1\">10</span>,<span class=\"pl-c1\">10</span>)\n[e,V] <span class=\"pl-k\">=</span> th.symeig(x, <span class=\"pl-v\">eigenvectors</span><span class=\"pl-k\">=</span><span class=\"pl-c1\">True</span>)\n<span class=\"pl-c1\">print</span>(V) <span class=\"pl-c\"><span class=\"pl-c\">#</span> presumably the eigenvectors</span>\n[e,V] <span class=\"pl-k\">=</span> th.symeig(x, <span class=\"pl-v\">eigenvectors</span><span class=\"pl-k\">=</span><span class=\"pl-c1\">False</span>) \n<span class=\"pl-c1\">print</span>(V) <span class=\"pl-c\"><span class=\"pl-c\">#</span> still returns a tensor with values, but not same as other V. What is this?</span></pre></div>\n<p>Here are the respective print values for above:</p>\n<pre><code> 0.1154 -0.2719  0.2667  0.8088  0.1119  0.1070  0.1844 -0.1717 -0.0071  0.3162\n 0.1154 -0.2719  0.2667 -0.3075 -0.7564  0.1070  0.1844 -0.1717 -0.0071  0.3162\n 0.1154 -0.2719  0.2667 -0.5013  0.6445  0.1070  0.1844 -0.1717 -0.0071  0.3162\n 0.1154 -0.1421 -0.5132  0.0000 -0.0000 -0.7346  0.1844 -0.1717 -0.0071  0.3162\n 0.1154  0.1569 -0.6564 -0.0000  0.0000  0.6325  0.0388 -0.1717 -0.0071  0.3162\n 0.1154 -0.0538  0.0752  0.0000 -0.0000 -0.0780 -0.9179 -0.1717 -0.0071  0.3162\n 0.1154  0.8547  0.2944 -0.0000 -0.0000 -0.1410  0.1416 -0.1717 -0.0071  0.3162\n-0.9371 -0.0000  0.0000  0.0000  0.0000  0.0000  0.0000 -0.0530  0.1382  0.3162\n 0.1656  0.0000  0.0000  0.0000 -0.0000 -0.0000  0.0000  0.6663  0.6547  0.3162\n-0.0361  0.0000  0.0000  0.0000  0.0000  0.0000  0.0000  0.5889 -0.7429  0.3162\n[torch.FloatTensor of size 10x10]\n\n\n-0.0000  0.0000  0.0623  0.3660 -0.4134  0.4898 -0.0744  0.2743  0.3780  0.2500\n 1.0000  0.0000 -0.0000  0.3660 -0.4134  0.4898 -0.0744  0.2743  0.3780  0.2500\n 1.0000  1.0000  0.0000  0.0000 -0.4134  0.4898 -0.0744  0.2743  0.3780  0.2500\n 1.0000  1.0000  1.0000 -0.0000 -0.0000  0.3693 -0.0744  0.2743  0.3780  0.2500\n 1.0000  1.0000  1.0000  1.0000 -0.0000 -0.0000 -0.0000  0.2743  0.3780  0.2500\n 1.0000  1.0000  1.0000  1.0000  1.0000  0.0000  0.0000  0.2743  0.3780  0.2500\n 1.0000  1.0000  1.0000  1.0000  1.0000  1.0000  0.0000 -0.0000  0.3780  0.2500\n 1.0000  1.0000  1.0000  1.0000  1.0000  1.0000  1.0000  0.0000 -0.0000  0.2500\n 1.0000  1.0000  1.0000  1.0000  1.0000  1.0000  1.0000  1.0000  9.0000 -3.0000\n 1.0000  1.0000  1.0000  1.0000  1.0000  1.0000  1.0000  1.0000  1.0000  1.0000\n[torch.FloatTensor of size 10x10]\n</code></pre>", "body_text": "I seem to remember th.symeig returning an empty tensor when eigenvectors=False, but in my latest install from source and from pip, it's returning something no matter what.\nEx:\nimport torch as th\nx = th.ones(10,10)\n[e,V] = th.symeig(x, eigenvectors=True)\nprint(V) # presumably the eigenvectors\n[e,V] = th.symeig(x, eigenvectors=False) \nprint(V) # still returns a tensor with values, but not same as other V. What is this?\nHere are the respective print values for above:\n 0.1154 -0.2719  0.2667  0.8088  0.1119  0.1070  0.1844 -0.1717 -0.0071  0.3162\n 0.1154 -0.2719  0.2667 -0.3075 -0.7564  0.1070  0.1844 -0.1717 -0.0071  0.3162\n 0.1154 -0.2719  0.2667 -0.5013  0.6445  0.1070  0.1844 -0.1717 -0.0071  0.3162\n 0.1154 -0.1421 -0.5132  0.0000 -0.0000 -0.7346  0.1844 -0.1717 -0.0071  0.3162\n 0.1154  0.1569 -0.6564 -0.0000  0.0000  0.6325  0.0388 -0.1717 -0.0071  0.3162\n 0.1154 -0.0538  0.0752  0.0000 -0.0000 -0.0780 -0.9179 -0.1717 -0.0071  0.3162\n 0.1154  0.8547  0.2944 -0.0000 -0.0000 -0.1410  0.1416 -0.1717 -0.0071  0.3162\n-0.9371 -0.0000  0.0000  0.0000  0.0000  0.0000  0.0000 -0.0530  0.1382  0.3162\n 0.1656  0.0000  0.0000  0.0000 -0.0000 -0.0000  0.0000  0.6663  0.6547  0.3162\n-0.0361  0.0000  0.0000  0.0000  0.0000  0.0000  0.0000  0.5889 -0.7429  0.3162\n[torch.FloatTensor of size 10x10]\n\n\n-0.0000  0.0000  0.0623  0.3660 -0.4134  0.4898 -0.0744  0.2743  0.3780  0.2500\n 1.0000  0.0000 -0.0000  0.3660 -0.4134  0.4898 -0.0744  0.2743  0.3780  0.2500\n 1.0000  1.0000  0.0000  0.0000 -0.4134  0.4898 -0.0744  0.2743  0.3780  0.2500\n 1.0000  1.0000  1.0000 -0.0000 -0.0000  0.3693 -0.0744  0.2743  0.3780  0.2500\n 1.0000  1.0000  1.0000  1.0000 -0.0000 -0.0000 -0.0000  0.2743  0.3780  0.2500\n 1.0000  1.0000  1.0000  1.0000  1.0000  0.0000  0.0000  0.2743  0.3780  0.2500\n 1.0000  1.0000  1.0000  1.0000  1.0000  1.0000  0.0000 -0.0000  0.3780  0.2500\n 1.0000  1.0000  1.0000  1.0000  1.0000  1.0000  1.0000  0.0000 -0.0000  0.2500\n 1.0000  1.0000  1.0000  1.0000  1.0000  1.0000  1.0000  1.0000  9.0000 -3.0000\n 1.0000  1.0000  1.0000  1.0000  1.0000  1.0000  1.0000  1.0000  1.0000  1.0000\n[torch.FloatTensor of size 10x10]", "body": "I seem to remember `th.symeig` returning an empty tensor when `eigenvectors=False`, but in my latest install from source <i>and</i> from pip, it's returning something no matter what.\r\n\r\nEx:\r\n\r\n```python\r\nimport torch as th\r\nx = th.ones(10,10)\r\n[e,V] = th.symeig(x, eigenvectors=True)\r\nprint(V) # presumably the eigenvectors\r\n[e,V] = th.symeig(x, eigenvectors=False) \r\nprint(V) # still returns a tensor with values, but not same as other V. What is this?\r\n```\r\n\r\nHere are the respective print values for above:\r\n```\r\n 0.1154 -0.2719  0.2667  0.8088  0.1119  0.1070  0.1844 -0.1717 -0.0071  0.3162\r\n 0.1154 -0.2719  0.2667 -0.3075 -0.7564  0.1070  0.1844 -0.1717 -0.0071  0.3162\r\n 0.1154 -0.2719  0.2667 -0.5013  0.6445  0.1070  0.1844 -0.1717 -0.0071  0.3162\r\n 0.1154 -0.1421 -0.5132  0.0000 -0.0000 -0.7346  0.1844 -0.1717 -0.0071  0.3162\r\n 0.1154  0.1569 -0.6564 -0.0000  0.0000  0.6325  0.0388 -0.1717 -0.0071  0.3162\r\n 0.1154 -0.0538  0.0752  0.0000 -0.0000 -0.0780 -0.9179 -0.1717 -0.0071  0.3162\r\n 0.1154  0.8547  0.2944 -0.0000 -0.0000 -0.1410  0.1416 -0.1717 -0.0071  0.3162\r\n-0.9371 -0.0000  0.0000  0.0000  0.0000  0.0000  0.0000 -0.0530  0.1382  0.3162\r\n 0.1656  0.0000  0.0000  0.0000 -0.0000 -0.0000  0.0000  0.6663  0.6547  0.3162\r\n-0.0361  0.0000  0.0000  0.0000  0.0000  0.0000  0.0000  0.5889 -0.7429  0.3162\r\n[torch.FloatTensor of size 10x10]\r\n\r\n\r\n-0.0000  0.0000  0.0623  0.3660 -0.4134  0.4898 -0.0744  0.2743  0.3780  0.2500\r\n 1.0000  0.0000 -0.0000  0.3660 -0.4134  0.4898 -0.0744  0.2743  0.3780  0.2500\r\n 1.0000  1.0000  0.0000  0.0000 -0.4134  0.4898 -0.0744  0.2743  0.3780  0.2500\r\n 1.0000  1.0000  1.0000 -0.0000 -0.0000  0.3693 -0.0744  0.2743  0.3780  0.2500\r\n 1.0000  1.0000  1.0000  1.0000 -0.0000 -0.0000 -0.0000  0.2743  0.3780  0.2500\r\n 1.0000  1.0000  1.0000  1.0000  1.0000  0.0000  0.0000  0.2743  0.3780  0.2500\r\n 1.0000  1.0000  1.0000  1.0000  1.0000  1.0000  0.0000 -0.0000  0.3780  0.2500\r\n 1.0000  1.0000  1.0000  1.0000  1.0000  1.0000  1.0000  0.0000 -0.0000  0.2500\r\n 1.0000  1.0000  1.0000  1.0000  1.0000  1.0000  1.0000  1.0000  9.0000 -3.0000\r\n 1.0000  1.0000  1.0000  1.0000  1.0000  1.0000  1.0000  1.0000  1.0000  1.0000\r\n[torch.FloatTensor of size 10x10]\r\n```"}